Harties
2017/03/12
361
10
0.55556
1.11111
1.66667
2.22222
2.77778
3.33333
3.88889
4.44444
5
5.55556
6.11111
6.66667
7.22222
7.77778
8.33333
8.88889
9.44444
10
10.5556
11.1111
11.6667
12.2222
12.7778
13.3333
13.8889
14.4444
15
15.5556
16.1111
16.6667
17.2222
17.7778
18.3333
18.8889
19.4444
20
20.5556
21.1111
21.6667
22.2222
22.7778
23.3333
23.8889
24.4444
25
25.5556
26.1111
26.6667
27.2222
27.7778
28.3333
28.8889
29.4444
30
30.5556
31.1111
31.6667
32.2222
32.7778
33.3333
33.8889
34.4444
35
35.5556
36.1111
36.6667
37.2222
37.7778
38.3333
38.8889
39.4444
40
40.5556
41.1111
41.6667
42.2222
42.7778
43.3333
43.8889
44.4444
45
45.5556
46.1111
46.6667
47.2222
47.7778
48.3333
48.8889
49.4444
50
50.5556
51.1111
51.6667
52.2222
52.7778
53.3333
53.8889
54.4444
55
55.5556
56.1111
56.6667
57.2222
57.7778
58.3333
58.8889
59.4444
60
60.5556
61.1111
61.6667
62.2222
62.7778
63.3333
63.8889
64.4444
65
65.5556
66.1111
66.6667
67.2222
67.7778
68.3333
68.8889
69.4444
70
70.5556
71.1111
71.6667
72.2222
72.7778
73.3333
73.8889
74.4444
75
75.5556
76.1111
76.6667
77.2222
77.7778
78.3333
78.8889
79.4444
80
80.5556
81.1111
81.6667
82.2222
82.7778
83.3333
83.8889
84.4444
85
85.5556
86.1111
86.6667
87.2222
87.7778
88.3333
88.8889
89.4444
90
90.5556
91.1111
91.6667
92.2222
92.7778
93.3333
93.8889
94.4444
95
95.5556
96.1111
96.6667
97.2222
97.7778
98.3333
98.8889
99.4444
100
99.4444
98.8889
98.3333
97.7778
97.2222
96.6667
96.1111
95.5556
95
94.4444
93.8889
93.3333
92.7778
92.2222
91.6667
91.1111
90.5556
90
89.4444
88.8889
88.3333
87.7778
87.2222
86.6667
86.1111
85.5556
85
84.4444
83.8889
83.3333
82.7778
82.2222
81.6667
81.1111
80.5556
80
79.4444
78.8889
78.3333
77.7778
77.2222
76.6667
76.1111
75.5556
75
74.4444
73.8889
73.3333
72.7778
72.2222
71.6667
71.1111
70.5556
70
69.4444
68.8889
68.3333
67.7778
67.2222
66.6667
66.1111
65.5556
65
64.4444
63.8889
63.3333
62.7778
62.2222
61.6667
61.1111
60.5556
60
59.4444
58.8889
58.3333
57.7778
57.2222
56.6667
56.1111
55.5556
55
54.4444
53.8889
53.3333
52.7778
52.2222
51.6667
51.1111
50.5556
50
49.4444
48.8889
48.3333
47.7778
47.2222
46.6667
46.1111
45.5556
45
44.4444
43.8889
43.3333
42.7778
42.2222
41.6667
41.1111
40.5556
40
39.4444
38.8889
38.3333
37.7778
37.2222
36.6667
36.1111
35.5556
35
34.4444
33.8889
33.3333
32.7778
32.2222
31.6667
31.1111
30.5556
30
29.4444
28.8889
28.3333
27.7778
27.2222
26.6667
26.1111
25.5556
25
24.4444
23.8889
23.3333
22.7778
22.2222
21.6667
21.1111
20.5556
20
19.4444
18.8889
18.3333
17.7778
17.2222
16.6667
16.1111
15.5556
15
14.4444
13.8889
13.3333
12.7778
12.2222
11.6667
11.1111
10.5556
10
9.44444
8.88889
8.33333
7.77778
7.22222
6.66667
6.11111
5.55556
5
4.44444
3.88889
3.33333
2.77778
2.22222
1.66667
1.11111
0.55556
0
Rusteburg
2017/03/13
361
19
22.648
22.2189
21.7945
21.3794
20.9782
20.5955
20.101
19.9032
20
19.102
19.1062
18.9185
18.7745
18.6761
18.625
18.6224
18.6689
18.7645
18.9089
19.101
19.3394
19.622
19.9462
20.3092
20.7074
20
21.5933
22.0722
22.5684
23.0769
23.5922
24.1088
24.6211
25.1233
25.6099
26.0753
26.5141
26.9212
27.2916
27.6208
27.9047
28.1393
28.3215
28.4485
28.5181
28.5287
28.4792
28.3694
28.1995
27.9704
27.6837
27.3417
26.9471
26.5036
26.0152
25.4864
24.9224
24.3288
23.7115
23.0769
22.4317
21.7827
21.1368
20.5013
19.8832
19.2895
18.7272
18.2029
17.7231
17.2938
16.9205
16.6083
16.3619
16.1851
16.0811
16.0525
16.1011
16.2278
16.4328
16.7154
17.0742
17.5067
18.0097
18.5794
19.2108
19.8985
20.6362
21.4169
22.2332
23.0769
23.9396
24.8124
25.686
26.551
27.3979
28.217
28.9988
29.7341
30.4136
31.0288
31.5713
32.0335
32.4082
32.6893
32.8711
32.949
32.9195
32.7798
32.5284
32.1648
31.6896
31.1047
30.413
29.6188
28.7274
27.7453
26.68
25.5402
24.3357
23.0769
21.7755
20.4438
19.0946
17.7417
16.3991
15.0813
13.803
12.5791
11.4245
10.3539
9.38192
8.52256
7.78949
7.19568
6.75334
6.4738
6.3674
6.44337
6.70972
7.1732
7.83917
8.71152
9.79267
11.0835
12.5832
14.2895
16.1984
18.3043
20.6001
23.0769
25.7246
28.5313
31.484
34.5682
37.7682
41.0671
44.4472
47.8899
51.3756
54.8844
58.3956
61.8885
65.3422
68.7355
72.0477
75.2582
78.3469
81.2944
84.0819
86.6918
89.1072
91.3126
93.2937
95.0376
96.5331
97.7702
98.7409
99.4389
99.8595
100
99.8595
99.4389
98.7409
97.7702
96.5331
95.0376
93.2937
91.3126
89.1072
86.6918
84.0819
81.2944
78.3469
75.2582
72.0477
68.7355
65.3422
61.8885
58.3956
54.8844
51.3756
47.8899
44.4472
41.0671
37.7682
34.5682
31.484
28.5313
25.7246
23.0769
20.6001
18.3043
16.1984
14.2895
12.5832
11.0835
9.79267
8.71152
7.83917
7.1732
6.70972
6.44337
6.3674
6.4738
6.75334
7.19568
7.78949
8.52256
9.38192
10.3539
11.4245
12.5791
13.803
15.0813
16.3991
17.7417
19.0946
20.4438
21.7755
23.0769
24.3357
25.5402
26.68
27.7453
28.7274
29.6188
30.413
31.1047
31.6896
32.1648
32.5284
32.7798
32.9195
32.949
32.8711
32.6893
32.4082
32.0335
31.5713
31.0288
30.4136
29.7341
28.9988
28.217
27.3979
26.551
25.686
24.8124
23.9396
23.0769
22.2332
21.4169
20.6362
19.8985
19.2108
18.5794
18.0097
17.5067
17.0742
16.7154
16.4328
16.2278
16.1011
16.0525
16.0811
16.1851
16.3619
16.6083
16.9205
17.2938
17.7231
18.2029
18.7272
19.2895
19.8832
20.5013
21.1368
21.7827
22.4317
23.0769
23.7115
24.3288
24.9224
25.4864
26.0152
26.5036
26.9471
27.3417
27.6837
27.9704
28.1995
28.3694
28.4792
28.5287
28.5181
28.4485
28.3215
28.1393
27.9047
27.6208
27.2916
26.9212
26.5141
26.0753
25.6099
25.1233
24.6211
24.1088
23.5922
23.0769
22.5684
22.0722
21.5933
21.1368
20.7074
20.3092
19.9462
19.622
19.3394
19.101
18.9089
18.7645
18.6689
18.6224
18.625
18.6761
18.7745
18.9185
19.1062
19.3349
19.6016
19.9032
20.2358
20.5955
20.9782
21.3793
21.7945
22.2189
22.648
23.0769
